1018.5670776367188
1018.5670776367188
1018.5670776367188
1018.5670776367188
1018.5670776367188
1018.5670776367188
1018.5670776367188
1018.5670776367188
1018.5670776367188
1018.5670776367188
1018.5670776367188
1018.5670776367188
1018.5670776367188
1018.5670776367188
1018.5670776367188
1018.5670776367188
1018.5670776367188
1018.5670776367188
1018.5670776367188
1018.5670776367188
1018.5670776367188
1018.5670776367188
1018.5670776367188
1018.5670776367188
1750.00048828125
1750.0006103515625
1750.00048828125
1750.0006103515625
1749.9993896484375
1749.953857421875
1786.724609375
1788.5694580078125
1782.1527099609375
1786.69970703125
1786.814697265625
1786.7362060546875
1900.0
1900.0
1900.0
1900.0
1900.0
1900.0
2149.98583984375
2149.999755859375
2150.0
2150.0
2150.0
2149.999755859375
31.07613182067871
31.07613182067871
31.07613182067871
31.07613182067871
31.07613182067871
31.07613182067871
31.07613182067871
31.07613182067871
31.07613182067871
31.07613182067871
31.07613182067871
31.07613182067871
31.07613182067871
31.07613182067871
31.07613182067871
31.07613182067871
31.07613182067871
31.07613182067871
31.07613182067871
31.07613182067871
31.07613182067871
31.07613182067871
31.07613182067871
31.07613182067871
38.69934844970703
39.93518829345703
47.092891693115234
44.56670379638672
46.167991638183594
43.80851745605469
39.46440887451172
29.1481990814209
15.551108360290527
0.0
0.0
38.363059997558594
22.334714889526367
27.278026580810547
31.315616607666016
40.07768630981445
30.416580200195312
35.076438903808594
22.98151397705078
30.96395492553711
27.494903564453125
29.172651290893555
29.625825881958008
26.629112243652344
24.20644187927246
24.20644187927246
24.20644187927246
24.20644187927246
24.20644187927246
24.20644187927246
24.20644187927246
24.20644187927246
24.20644187927246
24.20644187927246
24.20644187927246
24.20644187927246
24.20644187927246
24.20644187927246
24.20644187927246
24.20644187927246
24.20644187927246
24.20644187927246
24.20644187927246
24.20644187927246
24.20644187927246
24.20644187927246
24.20644187927246
24.20644187927246
2007.1578369140625
2007.1578369140625
2007.1578369140625
2007.1578369140625
2007.1578369140625
2007.1578369140625
2007.1578369140625
2007.1578369140625
2007.1578369140625
2007.1578369140625
2007.1578369140625
2007.1578369140625
2007.1578369140625
2007.1578369140625
2007.1578369140625
2007.1578369140625
2007.1578369140625
2007.1578369140625
2007.1578369140625
2007.1578369140625
2007.1578369140625
2007.1578369140625
2007.1578369140625
2007.1578369140625
21.742450714111328
21.742450714111328
21.742450714111328
21.742450714111328
21.742450714111328
21.742450714111328
21.742450714111328
21.742450714111328
21.742450714111328
21.742450714111328
21.742450714111328
21.742450714111328
21.742450714111328
21.742450714111328
21.742450714111328
21.742450714111328
21.742450714111328
21.742450714111328
21.742450714111328
21.742450714111328
21.742450714111328
21.742450714111328
21.742450714111328
21.742450714111328
57.35871887207031
58.036155700683594
61.15414810180664
58.352081298828125
60.4962272644043
59.73299789428711
48.46727752685547
46.843780517578125
48.84272766113281
47.296546936035156
46.85188293457031
47.74067687988281
58.965293884277344
64.67820739746094
61.619083404541016
65.16230010986328
64.20012664794922
61.5349006652832
70.77826690673828
77.64751434326172
74.07062530517578
74.73204040527344
76.9462890625
70.75387573242188
