1017.2695788541065
1017.2695788541065
1017.2695788541065
1017.2695788541065
1017.2695788541065
1017.2695788541065
1017.2695788541065
1017.2695788541065
1017.2695788541065
1017.2695788541065
1017.2695788541065
1017.2695788541065
1017.2695788541065
1017.2695788541065
1017.2695788541065
1017.2695788541065
1017.2695788541065
1017.2695788541065
1017.2695788541065
1017.2695788541065
1017.2695788541065
1017.2695788541065
1017.2695788541065
1017.2695788541065
1750.0006180979067
1750.0008240626287
1750.0006180979067
1750.0008241305422
1749.9991758694578
1749.979587628866
1785.7744807121662
1788.341048107125
1780.084172305661
1785.7642209398186
1785.8915175995385
1785.7896472139796
1900.0
1900.0
1900.0
1900.0
1900.0
1900.0
2150.0
2150.0
2150.0
2150.0
2150.0
2150.0
31.238133986653484
31.238133986653484
31.238133986653484
31.238133986653484
31.238133986653484
31.238133986653484
29.318160724172024
29.318160724172024
29.318160724172024
29.318160724172024
29.318160724172024
29.318160724172024
30.402872740978744
30.402872740978744
30.402872740978744
30.402872740978744
30.402872740978744
30.402872740978744
30.402872740978744
30.402872740978744
30.402872740978744
30.402872740978744
30.402872740978744
30.402872740978744
38.70942192190461
39.984192729444715
47.14892755745944
44.59686515159005
46.25365497899333
43.86338907151096
38.70551293739704
25.22740052795292
12.255522770304356
-1000.0
-1000.0
37.68201645222406
22.37126848365044
27.554267076847047
31.49055603821761
40.21059298492711
30.51046234741784
35.33178735194794
22.913264768964666
31.207709061032865
27.66554209290833
27.903093370675453
29.918689261181118
26.865879782554977
24.206439999999994
24.206439999999994
24.206439999999994
24.206439999999994
24.206439999999994
24.206439999999994
24.206439999999994
24.206439999999994
24.206439999999994
24.206439999999994
24.206439999999994
24.206439999999994
24.206439999999994
24.206439999999994
24.206439999999994
24.206439999999994
24.206439999999994
24.206439999999994
24.206439999999994
24.206439999999994
24.206439999999994
24.206439999999994
24.206439999999994
24.206439999999994
2296.915830500083
2296.915830500083
2296.915830500083
2296.915830500083
2296.915830500083
2296.915830500083
2296.915830500083
2296.915830500083
2296.915830500083
2296.915830500083
2296.915830500083
2296.915830500083
2296.915830500083
2296.915830500083
2296.915830500083
2296.915830500083
2296.915830500083
2296.915830500083
2296.915830500083
2296.915830500083
2296.915830500083
2296.915830500083
2296.915830500083
2296.915830500083
21.702086903624384
21.702086903624384
21.702086903624384
21.702086903624384
21.702086903624384
21.702086903624384
21.702086903624384
21.702086903624384
21.702086903624384
21.702086903624384
21.702086903624384
21.702086903624384
21.702086903624384
21.702086903624384
21.702086903624384
21.702086903624384
21.702086903624384
21.702086903624384
21.702086903624384
21.702086903624384
21.702086903624384
21.702086903624384
21.702086903624384
21.702086903624384
2.713418592525369
2.713418592525369
2.713418592525369
2.713418592525369
2.713418592525369
2.713418592525369
2.713418592525369
2.713418592525369
2.713418592525369
2.713418592525369
2.713418592525369
2.713418592525369
2.713418592525369
2.713418592525369
2.713418592525369
2.713418592525369
2.713418592525369
2.713418592525369
2.713418592525369
2.713418592525369
2.713418592525369
2.713418592525369
2.713418592525369
2.713418592525369
89.74885668309388
89.74885668309388
89.74885668309388
89.74885668309388
89.74885668309388
89.74885668309388
89.74885668309388
89.74885668309388
89.74885668309388
89.74885668309388
89.74885668309388
89.74885668309388
89.74885668309388
89.74885668309388
89.74885668309388
89.74885668309388
89.74885668309388
89.74885668309388
89.74885668309388
89.74885668309388
89.74885668309388
89.74885668309388
89.74885668309388
89.74885668309388
57.47001596327068
58.16601757269431
61.311579385120424
58.4948716027938
60.646282083806064
59.89603074619699
48.42161669638146
45.83918257690719
48.66470070162149
46.962431510602684
46.40653404854105
47.626780232825
58.697013281179956
65.02600941529838
62.03543076280699
65.47899398853728
64.51023064973218
61.89431591515302
71.41645792865033
77.95639410506966
74.57153125477917
74.93650362176243
77.4688201287398
71.21882998412855
0.03883346400428618
0.04121178469463447
0.052230590753876614
0.0468964270479644
0.05155229766655672
0.04940328150470219
0.04580376486152324
0.04012363068031704
0.056338773208049225
0.05614267687360871
0.045314657039235075
0.045817386505646686
0.06695434410019775
0.061112395755028026
0.05409911743860228
0.047590233811289656
0.06228054266996291
0.05777621392394622
0.07585666923076924
0.058240668576374575
0.05797955793506922
0.059149596793339386
0.06211901019533504
0.07188247221260816
