8.81764637602896
8.81764637602896
8.81764637602896
8.81764637602896
8.81764637602896
8.81764637602896
8.81764637602896
8.81764637602896
8.81764637602896
8.81764637602896
8.81764637602896
8.81764637602896
8.81764637602896
8.81764637602896
8.81764637602896
8.81764637602896
8.81764637602896
8.81764637602896
8.81764637602896
8.81764637602896
8.81764637602896
8.81764637602896
8.81764637602896
8.81764637602896
0.09357352706123871
0.09077415495823545
0.09357352706123871
0.09077789506057216
0.15723624606682196
0.7208927991651685
8.164758751015778
5.795299509532796
19.04816003697879
8.194692307755465
8.08022402995917
8.153525932850078
0.0
0.0
0.0
0.0
0.0
0.0
0.0
0.0
0.0
0.0
0.0
0.0
0.6829942366050306
0.6829942366050306
0.6829942366050306
0.6829942366050306
0.6829942366050306
0.6829942366050306
0.13939546936432073
0.13939546936432073
0.13939546936432073
0.13939546936432073
0.13939546936432073
0.13939546936432073
0.04281615907954506
0.04281615907954506
0.04281615907954506
0.04281615907954506
0.04281615907954506
0.04281615907954506
0.04281615907954506
0.04281615907954506
0.04281615907954506
0.04281615907954506
0.04281615907954506
0.04281615907954506
0.6122425838422865
0.5144500022499118
0.5466385268909241
0.6091115198328305
0.6172416539160557
0.5804371268625804
1.833712495848637
1.3696880976082138
1.9150483177268935
0.0
0.0
2.778095445646069
3.0499102279984274
2.8778961240503964
2.741626510980143
2.9060076035502425
3.02663601525536
2.7402609423523208
2.9735281661994875
2.8119276705942133
2.971962607179998
1.0222510125533897
3.0030890365957754
2.579699438465582
7.105427357601002e-15
7.105427357601002e-15
7.105427357601002e-15
7.105427357601002e-15
7.105427357601002e-15
7.105427357601002e-15
7.105427357601002e-15
7.105427357601002e-15
7.105427357601002e-15
7.105427357601002e-15
7.105427357601002e-15
7.105427357601002e-15
7.105427357601002e-15
7.105427357601002e-15
7.105427357601002e-15
7.105427357601002e-15
7.105427357601002e-15
7.105427357601002e-15
7.105427357601002e-15
7.105427357601002e-15
7.105427357601002e-15
7.105427357601002e-15
7.105427357601002e-15
7.105427357601002e-15
742.8155467383725
742.8155467383725
742.8155467383725
742.8155467383725
742.8155467383725
742.8155467383725
742.8155467383725
742.8155467383725
742.8155467383725
742.8155467383725
742.8155467383725
742.8155467383725
742.8155467383725
742.8155467383725
742.8155467383725
742.8155467383725
742.8155467383725
742.8155467383725
742.8155467383725
742.8155467383725
742.8155467383725
742.8155467383725
742.8155467383725
742.8155467383725
0.2839704154953446
0.2839704154953446
0.2839704154953446
0.2839704154953446
0.2839704154953446
0.2839704154953446
0.2839704154953446
0.2839704154953446
0.2839704154953446
0.2839704154953446
0.2839704154953446
0.2839704154953446
0.2839704154953446
0.2839704154953446
0.2839704154953446
0.2839704154953446
0.2839704154953446
0.2839704154953446
0.2839704154953446
0.2839704154953446
0.2839704154953446
0.2839704154953446
0.2839704154953446
0.2839704154953446
0.52486432673104
0.52486432673104
0.52486432673104
0.52486432673104
0.52486432673104
0.52486432673104
0.52486432673104
0.52486432673104
0.52486432673104
0.52486432673104
0.52486432673104
0.52486432673104
0.52486432673104
0.52486432673104
0.52486432673104
0.52486432673104
0.52486432673104
0.52486432673104
0.52486432673104
0.52486432673104
0.52486432673104
0.52486432673104
0.52486432673104
0.52486432673104
6.490930796151642
6.490930796151642
6.490930796151642
6.490930796151642
6.490930796151642
6.490930796151642
6.490930796151642
6.490930796151642
6.490930796151642
6.490930796151642
6.490930796151642
6.490930796151642
6.490930796151642
6.490930796151642
6.490930796151642
6.490930796151642
6.490930796151642
6.490930796151642
6.490930796151642
6.490930796151642
6.490930796151642
6.490930796151642
6.490930796151642
6.490930796151642
0.6589679835537698
0.656104212380198
0.6834260234481749
0.7156832472612805
0.599635699299877
0.8233691379465414
0.7381992840731646
0.8063579501363131
1.7301413805707484
0.5662016623993682
0.9940866823483182
0.48477045875146285
1.4400807842827665
1.1688105970688085
1.2483459598851305
1.1040628719398253
1.2565248998946634
1.181117318418548
4.174386256179581
2.0050672743887863
1.9347164039392055
2.4291164519234414
2.503531780640061
3.5395582718448053
0.011664097597132739
0.020876253002570316
0.01844089001895602
0.014319893084349243
0.019378532624508733
0.015320989814600384
0.013959194550002205
0.013506509945252343
1.0521736982705399
0.027031623711053294
0.014113250046267838
0.02037266941202594
0.019821261542571796
1.216877328239255
0.015816210152477916
0.013165725149015328
1.2141096890815455
0.017962452994318954
0.025482012448738874
0.018028808673387825
0.01824063935245056
0.017312718167814482
0.018909921733193676
0.02412646911852015
